		#naca0012		
#group	#point	#x_cord	#y_cord	#z_cord
1	1	0.00000	0.00000	0.00000
1	2	0.00200	0.00778	0.00000
1	3	0.00400	0.01091	0.00000
1	4	0.00600	0.01328	0.00000
1	5	0.00800	0.01524	0.00000
1	6	0.01000	0.01696	0.00000
1	7	0.01200	0.01849	0.00000
1	8	0.01400	0.01988	0.00000
1	9	0.01600	0.02117	0.00000
1	10	0.01800	0.02237	0.00000
1	11	0.02000	0.02349	0.00000
1	12	0.02200	0.02454	0.00000
1	13	0.02400	0.02554	0.00000
1	14	0.02600	0.02649	0.00000
1	15	0.02800	0.02740	0.00000
1	16	0.03000	0.02826	0.00000
1	17	0.03200	0.02909	0.00000
1	18	0.03400	0.02989	0.00000
1	19	0.03600	0.03066	0.00000
1	20	0.03800	0.03140	0.00000
1	21	0.04000	0.03212	0.00000
1	22	0.04200	0.03281	0.00000
1	23	0.04400	0.03348	0.00000
1	24	0.04600	0.03413	0.00000
1	25	0.04800	0.03476	0.00000
1	26	0.05000	0.03537	0.00000
1	27	0.05200	0.03596	0.00000
1	28	0.05400	0.03654	0.00000
1	29	0.05600	0.03710	0.00000
1	30	0.05800	0.03764	0.00000
1	31	0.06000	0.03818	0.00000
1	32	0.06200	0.03869	0.00000
1	33	0.06400	0.03920	0.00000
1	34	0.06600	0.03969	0.00000
1	35	0.06800	0.04018	0.00000
1	36	0.07000	0.04065	0.00000
1	37	0.07200	0.04110	0.00000
1	38	0.07400	0.04155	0.00000
1	39	0.07600	0.04199	0.00000
1	40	0.07800	0.04242	0.00000
1	41	0.08000	0.04284	0.00000
1	42	0.08200	0.04325	0.00000
1	43	0.08400	0.04365	0.00000
1	44	0.08600	0.04404	0.00000
1	45	0.08800	0.04442	0.00000
1	46	0.09000	0.04480	0.00000
1	47	0.09200	0.04517	0.00000
1	48	0.09400	0.04553	0.00000
1	49	0.09600	0.04588	0.00000
1	50	0.09800	0.04622	0.00000
1	51	0.10000	0.04656	0.00000
1	52	0.10200	0.04689	0.00000
1	53	0.10400	0.04722	0.00000
1	54	0.10600	0.04753	0.00000
1	55	0.10800	0.04785	0.00000
1	56	0.11000	0.04815	0.00000
1	57	0.11200	0.04845	0.00000
1	58	0.11400	0.04874	0.00000
1	59	0.11600	0.04903	0.00000
1	60	0.11800	0.04931	0.00000
1	61	0.12000	0.04959	0.00000
1	62	0.12200	0.04986	0.00000
1	63	0.12400	0.05012	0.00000
1	64	0.12600	0.05038	0.00000
1	65	0.12800	0.05063	0.00000
1	66	0.13000	0.05088	0.00000
1	67	0.13200	0.05113	0.00000
1	68	0.13400	0.05137	0.00000
1	69	0.13600	0.05160	0.00000
1	70	0.13800	0.05183	0.00000
1	71	0.14000	0.05205	0.00000
1	72	0.14200	0.05228	0.00000
1	73	0.14400	0.05249	0.00000
1	74	0.14600	0.05270	0.00000
1	75	0.14800	0.05291	0.00000
1	76	0.15000	0.05311	0.00000
1	77	0.15200	0.05331	0.00000
1	78	0.15400	0.05351	0.00000
1	79	0.15600	0.05370	0.00000
1	80	0.15800	0.05388	0.00000
1	81	0.16000	0.05407	0.00000
1	82	0.16200	0.05424	0.00000
1	83	0.16400	0.05442	0.00000
1	84	0.16600	0.05459	0.00000
1	85	0.16800	0.05476	0.00000
1	86	0.17000	0.05492	0.00000
1	87	0.17200	0.05508	0.00000
1	88	0.17400	0.05524	0.00000
1	89	0.17600	0.05539	0.00000
1	90	0.17800	0.05554	0.00000
1	91	0.18000	0.05569	0.00000
1	92	0.18200	0.05583	0.00000
1	93	0.18400	0.05597	0.00000
1	94	0.18600	0.05610	0.00000
1	95	0.18800	0.05624	0.00000
1	96	0.19000	0.05637	0.00000
1	97	0.19200	0.05649	0.00000
1	98	0.19400	0.05662	0.00000
1	99	0.19600	0.05674	0.00000
1	100	0.19800	0.05685	0.00000
1	101	0.20000	0.05697	0.00000
1	102	0.20200	0.05708	0.00000
1	103	0.20400	0.05719	0.00000
1	104	0.20600	0.05729	0.00000
1	105	0.20800	0.05740	0.00000
1	106	0.21000	0.05750	0.00000
1	107	0.21200	0.05759	0.00000
1	108	0.21400	0.05769	0.00000
1	109	0.21600	0.05778	0.00000
1	110	0.21800	0.05787	0.00000
1	111	0.22000	0.05795	0.00000
1	112	0.22200	0.05804	0.00000
1	113	0.22400	0.05812	0.00000
1	114	0.22600	0.05820	0.00000
1	115	0.22800	0.05827	0.00000
1	116	0.23000	0.05834	0.00000
1	117	0.23200	0.05841	0.00000
1	118	0.23400	0.05848	0.00000
1	119	0.23600	0.05855	0.00000
1	120	0.23800	0.05861	0.00000
1	121	0.24000	0.05867	0.00000
1	122	0.24200	0.05873	0.00000
1	123	0.24400	0.05879	0.00000
1	124	0.24600	0.05884	0.00000
1	125	0.24800	0.05889	0.00000
1	126	0.25000	0.05894	0.00000
1	127	0.25200	0.05899	0.00000
1	128	0.25400	0.05903	0.00000
1	129	0.25600	0.05907	0.00000
1	130	0.25800	0.05911	0.00000
1	131	0.26000	0.05915	0.00000
1	132	0.26200	0.05919	0.00000
1	133	0.26400	0.05922	0.00000
1	134	0.26600	0.05925	0.00000
1	135	0.26800	0.05928	0.00000
1	136	0.27000	0.05931	0.00000
1	137	0.27200	0.05934	0.00000
1	138	0.27400	0.05936	0.00000
1	139	0.27600	0.05938	0.00000
1	140	0.27800	0.05940	0.00000
1	141	0.28000	0.05942	0.00000
1	142	0.28200	0.05943	0.00000
1	143	0.28400	0.05945	0.00000
1	144	0.28600	0.05946	0.00000
1	145	0.28800	0.05947	0.00000
1	146	0.29000	0.05947	0.00000
1	147	0.29200	0.05948	0.00000
1	148	0.29400	0.05948	0.00000
1	149	0.29600	0.05949	0.00000
1	150	0.29800	0.05949	0.00000
1	151	0.30000	0.05948	0.00000
1	152	0.30200	0.05948	0.00000
1	153	0.30400	0.05948	0.00000
1	154	0.30600	0.05947	0.00000
1	155	0.30800	0.05946	0.00000
1	156	0.31000	0.05945	0.00000
1	157	0.31200	0.05944	0.00000
1	158	0.31400	0.05942	0.00000
1	159	0.31600	0.05941	0.00000
1	160	0.31800	0.05939	0.00000
1	161	0.32000	0.05937	0.00000
1	162	0.32200	0.05935	0.00000
1	163	0.32400	0.05933	0.00000
1	164	0.32600	0.05930	0.00000
1	165	0.32800	0.05928	0.00000
1	166	0.33000	0.05925	0.00000
1	167	0.33200	0.05922	0.00000
1	168	0.33400	0.05919	0.00000
1	169	0.33600	0.05916	0.00000
1	170	0.33800	0.05913	0.00000
1	171	0.34000	0.05909	0.00000
1	172	0.34200	0.05906	0.00000
1	173	0.34400	0.05902	0.00000
1	174	0.34600	0.05898	0.00000
1	175	0.34800	0.05894	0.00000
1	176	0.35000	0.05889	0.00000
1	177	0.35200	0.05885	0.00000
1	178	0.35400	0.05881	0.00000
1	179	0.35600	0.05876	0.00000
1	180	0.35800	0.05871	0.00000
1	181	0.36000	0.05866	0.00000
1	182	0.36200	0.05861	0.00000
1	183	0.36400	0.05856	0.00000
1	184	0.36600	0.05850	0.00000
1	185	0.36800	0.05845	0.00000
1	186	0.37000	0.05839	0.00000
1	187	0.37200	0.05833	0.00000
1	188	0.37400	0.05827	0.00000
1	189	0.37600	0.05821	0.00000
1	190	0.37800	0.05815	0.00000
1	191	0.38000	0.05809	0.00000
1	192	0.38200	0.05802	0.00000
1	193	0.38400	0.05796	0.00000
1	194	0.38600	0.05789	0.00000
1	195	0.38800	0.05782	0.00000
1	196	0.39000	0.05775	0.00000
1	197	0.39200	0.05768	0.00000
1	198	0.39400	0.05761	0.00000
1	199	0.39600	0.05753	0.00000
1	200	0.39800	0.05746	0.00000
1	201	0.40000	0.05738	0.00000
1	202	0.40200	0.05731	0.00000
1	203	0.40400	0.05723	0.00000
1	204	0.40600	0.05715	0.00000
1	205	0.40800	0.05707	0.00000
1	206	0.41000	0.05698	0.00000
1	207	0.41200	0.05690	0.00000
1	208	0.41400	0.05682	0.00000
1	209	0.41600	0.05673	0.00000
1	210	0.41800	0.05664	0.00000
1	211	0.42000	0.05656	0.00000
1	212	0.42200	0.05647	0.00000
1	213	0.42400	0.05638	0.00000
1	214	0.42600	0.05629	0.00000
1	215	0.42800	0.05619	0.00000
1	216	0.43000	0.05610	0.00000
1	217	0.43200	0.05601	0.00000
1	218	0.43400	0.05591	0.00000
1	219	0.43600	0.05581	0.00000
1	220	0.43800	0.05572	0.00000
1	221	0.44000	0.05562	0.00000
1	222	0.44200	0.05552	0.00000
1	223	0.44400	0.05542	0.00000
1	224	0.44600	0.05531	0.00000
1	225	0.44800	0.05521	0.00000
1	226	0.45000	0.05511	0.00000
1	227	0.45200	0.05500	0.00000
1	228	0.45400	0.05490	0.00000
1	229	0.45600	0.05479	0.00000
1	230	0.45800	0.05468	0.00000
1	231	0.46000	0.05457	0.00000
1	232	0.46200	0.05446	0.00000
1	233	0.46400	0.05435	0.00000
1	234	0.46600	0.05424	0.00000
1	235	0.46800	0.05413	0.00000
1	236	0.47000	0.05401	0.00000
1	237	0.47200	0.05390	0.00000
1	238	0.47400	0.05378	0.00000
1	239	0.47600	0.05366	0.00000
1	240	0.47800	0.05355	0.00000
1	241	0.48000	0.05343	0.00000
1	242	0.48200	0.05331	0.00000
1	243	0.48400	0.05319	0.00000
1	244	0.48600	0.05307	0.00000
1	245	0.48800	0.05294	0.00000
1	246	0.49000	0.05282	0.00000
1	247	0.49200	0.05270	0.00000
1	248	0.49400	0.05257	0.00000
1	249	0.49600	0.05244	0.00000
1	250	0.49800	0.05232	0.00000
1	251	0.50000	0.05219	0.00000
1	252	0.50200	0.05206	0.00000
1	253	0.50400	0.05193	0.00000
1	254	0.50600	0.05180	0.00000
1	255	0.50800	0.05167	0.00000
1	256	0.51000	0.05154	0.00000
1	257	0.51200	0.05141	0.00000
1	258	0.51400	0.05127	0.00000
1	259	0.51600	0.05114	0.00000
1	260	0.51800	0.05100	0.00000
1	261	0.52000	0.05087	0.00000
1	262	0.52200	0.05073	0.00000
1	263	0.52400	0.05059	0.00000
1	264	0.52600	0.05045	0.00000
1	265	0.52800	0.05031	0.00000
1	266	0.53000	0.05017	0.00000
1	267	0.53200	0.05003	0.00000
1	268	0.53400	0.04989	0.00000
1	269	0.53600	0.04975	0.00000
1	270	0.53800	0.04960	0.00000
1	271	0.54000	0.04946	0.00000
1	272	0.54200	0.04931	0.00000
1	273	0.54400	0.04917	0.00000
1	274	0.54600	0.04902	0.00000
1	275	0.54800	0.04887	0.00000
1	276	0.55000	0.04873	0.00000
1	277	0.55200	0.04858	0.00000
1	278	0.55400	0.04843	0.00000
1	279	0.55600	0.04828	0.00000
1	280	0.55800	0.04813	0.00000
1	281	0.56000	0.04798	0.00000
1	282	0.56200	0.04782	0.00000
1	283	0.56400	0.04767	0.00000
1	284	0.56600	0.04752	0.00000
1	285	0.56800	0.04736	0.00000
1	286	0.57000	0.04721	0.00000
1	287	0.57200	0.04705	0.00000
1	288	0.57400	0.04689	0.00000
1	289	0.57600	0.04674	0.00000
1	290	0.57800	0.04658	0.00000
1	291	0.58000	0.04642	0.00000
1	292	0.58200	0.04626	0.00000
1	293	0.58400	0.04610	0.00000
1	294	0.58600	0.04594	0.00000
1	295	0.58800	0.04578	0.00000
1	296	0.59000	0.04561	0.00000
1	297	0.59200	0.04545	0.00000
1	298	0.59400	0.04529	0.00000
1	299	0.59600	0.04512	0.00000
1	300	0.59800	0.04496	0.00000
1	301	0.60000	0.04479	0.00000
1	302	0.60200	0.04462	0.00000
1	303	0.60400	0.04446	0.00000
1	304	0.60600	0.04429	0.00000
1	305	0.60800	0.04412	0.00000
1	306	0.61000	0.04395	0.00000
1	307	0.61200	0.04378	0.00000
1	308	0.61400	0.04361	0.00000
1	309	0.61600	0.04344	0.00000
1	310	0.61800	0.04327	0.00000
1	311	0.62000	0.04310	0.00000
1	312	0.62200	0.04292	0.00000
1	313	0.62400	0.04275	0.00000
1	314	0.62600	0.04258	0.00000
1	315	0.62800	0.04240	0.00000
1	316	0.63000	0.04223	0.00000
1	317	0.63200	0.04205	0.00000
1	318	0.63400	0.04187	0.00000
1	319	0.63600	0.04170	0.00000
1	320	0.63800	0.04152	0.00000
1	321	0.64000	0.04134	0.00000
1	322	0.64200	0.04116	0.00000
1	323	0.64400	0.04098	0.00000
1	324	0.64600	0.04080	0.00000
1	325	0.64800	0.04062	0.00000
1	326	0.65000	0.04044	0.00000
1	327	0.65200	0.04026	0.00000
1	328	0.65400	0.04007	0.00000
1	329	0.65600	0.03989	0.00000
1	330	0.65800	0.03971	0.00000
1	331	0.66000	0.03952	0.00000
1	332	0.66200	0.03934	0.00000
1	333	0.66400	0.03915	0.00000
1	334	0.66600	0.03896	0.00000
1	335	0.66800	0.03878	0.00000
1	336	0.67000	0.03859	0.00000
1	337	0.67200	0.03840	0.00000
1	338	0.67400	0.03821	0.00000
1	339	0.67600	0.03802	0.00000
1	340	0.67800	0.03783	0.00000
1	341	0.68000	0.03764	0.00000
1	342	0.68200	0.03745	0.00000
1	343	0.68400	0.03726	0.00000
1	344	0.68600	0.03707	0.00000
1	345	0.68800	0.03688	0.00000
1	346	0.69000	0.03668	0.00000
1	347	0.69200	0.03649	0.00000
1	348	0.69400	0.03630	0.00000
1	349	0.69600	0.03610	0.00000
1	350	0.69800	0.03591	0.00000
1	351	0.70000	0.03571	0.00000
1	352	0.70200	0.03551	0.00000
1	353	0.70400	0.03532	0.00000
1	354	0.70600	0.03512	0.00000
1	355	0.70800	0.03492	0.00000
1	356	0.71000	0.03472	0.00000
1	357	0.71200	0.03452	0.00000
1	358	0.71400	0.03432	0.00000
1	359	0.71600	0.03412	0.00000
1	360	0.71800	0.03392	0.00000
1	361	0.72000	0.03372	0.00000
1	362	0.72200	0.03352	0.00000
1	363	0.72400	0.03331	0.00000
1	364	0.72600	0.03311	0.00000
1	365	0.72800	0.03291	0.00000
1	366	0.73000	0.03270	0.00000
1	367	0.73200	0.03250	0.00000
1	368	0.73400	0.03229	0.00000
1	369	0.73600	0.03209	0.00000
1	370	0.73800	0.03188	0.00000
1	371	0.74000	0.03167	0.00000
1	372	0.74200	0.03146	0.00000
1	373	0.74400	0.03126	0.00000
1	374	0.74600	0.03105	0.00000
1	375	0.74800	0.03084	0.00000
1	376	0.75000	0.03063	0.00000
1	377	0.75200	0.03042	0.00000
1	378	0.75400	0.03021	0.00000
1	379	0.75600	0.03000	0.00000
1	380	0.75800	0.02978	0.00000
1	381	0.76000	0.02957	0.00000
1	382	0.76200	0.02936	0.00000
1	383	0.76400	0.02915	0.00000
1	384	0.76600	0.02893	0.00000
1	385	0.76800	0.02872	0.00000
1	386	0.77000	0.02850	0.00000
1	387	0.77200	0.02829	0.00000
1	388	0.77400	0.02807	0.00000
1	389	0.77600	0.02785	0.00000
1	390	0.77800	0.02764	0.00000
1	391	0.78000	0.02742	0.00000
1	392	0.78200	0.02720	0.00000
1	393	0.78400	0.02698	0.00000
1	394	0.78600	0.02676	0.00000
1	395	0.78800	0.02654	0.00000
1	396	0.79000	0.02632	0.00000
1	397	0.79200	0.02610	0.00000
1	398	0.79400	0.02588	0.00000
1	399	0.79600	0.02566	0.00000
1	400	0.79800	0.02543	0.00000
1	401	0.80000	0.02521	0.00000
1	402	0.80200	0.02499	0.00000
1	403	0.80400	0.02476	0.00000
1	404	0.80600	0.02454	0.00000
1	405	0.80800	0.02431	0.00000
1	406	0.81000	0.02409	0.00000
1	407	0.81200	0.02386	0.00000
1	408	0.81400	0.02363	0.00000
1	409	0.81600	0.02341	0.00000
1	410	0.81800	0.02318	0.00000
1	411	0.82000	0.02295	0.00000
1	412	0.82200	0.02272	0.00000
1	413	0.82400	0.02249	0.00000
1	414	0.82600	0.02226	0.00000
1	415	0.82800	0.02203	0.00000
1	416	0.83000	0.02180	0.00000
1	417	0.83200	0.02157	0.00000
1	418	0.83400	0.02133	0.00000
1	419	0.83600	0.02110	0.00000
1	420	0.83800	0.02087	0.00000
1	421	0.84000	0.02063	0.00000
1	422	0.84200	0.02040	0.00000
1	423	0.84400	0.02016	0.00000
1	424	0.84600	0.01993	0.00000
1	425	0.84800	0.01969	0.00000
1	426	0.85000	0.01946	0.00000
1	427	0.85200	0.01922	0.00000
1	428	0.85400	0.01898	0.00000
1	429	0.85600	0.01874	0.00000
1	430	0.85800	0.01850	0.00000
1	431	0.86000	0.01826	0.00000
1	432	0.86200	0.01802	0.00000
1	433	0.86400	0.01778	0.00000
1	434	0.86600	0.01754	0.00000
1	435	0.86800	0.01730	0.00000
1	436	0.87000	0.01706	0.00000
1	437	0.87200	0.01681	0.00000
1	438	0.87400	0.01657	0.00000
1	439	0.87600	0.01633	0.00000
1	440	0.87800	0.01608	0.00000
1	441	0.88000	0.01584	0.00000
1	442	0.88200	0.01559	0.00000
1	443	0.88400	0.01534	0.00000
1	444	0.88600	0.01510	0.00000
1	445	0.88800	0.01485	0.00000
1	446	0.89000	0.01460	0.00000
1	447	0.89200	0.01435	0.00000
1	448	0.89400	0.01410	0.00000
1	449	0.89600	0.01385	0.00000
1	450	0.89800	0.01360	0.00000
1	451	0.90000	0.01335	0.00000
1	452	0.90200	0.01310	0.00000
1	453	0.90400	0.01285	0.00000
1	454	0.90600	0.01260	0.00000
1	455	0.90800	0.01234	0.00000
1	456	0.91000	0.01209	0.00000
1	457	0.91200	0.01183	0.00000
1	458	0.91400	0.01158	0.00000
1	459	0.91600	0.01132	0.00000
1	460	0.91800	0.01107	0.00000
1	461	0.92000	0.01081	0.00000
1	462	0.92200	0.01055	0.00000
1	463	0.92400	0.01029	0.00000
1	464	0.92600	0.01003	0.00000
1	465	0.92800	0.00977	0.00000
1	466	0.93000	0.00951	0.00000
1	467	0.93200	0.00925	0.00000
1	468	0.93400	0.00899	0.00000
1	469	0.93600	0.00873	0.00000
1	470	0.93800	0.00847	0.00000
1	471	0.94000	0.00820	0.00000
1	472	0.94200	0.00794	0.00000
1	473	0.94400	0.00768	0.00000
1	474	0.94600	0.00741	0.00000
1	475	0.94800	0.00714	0.00000
1	476	0.95000	0.00688	0.00000
1	477	0.95200	0.00661	0.00000
1	478	0.95400	0.00634	0.00000
1	479	0.95600	0.00607	0.00000
1	480	0.95800	0.00581	0.00000
1	481	0.96000	0.00554	0.00000
1	482	0.96200	0.00527	0.00000
1	483	0.96400	0.00499	0.00000
1	484	0.96600	0.00472	0.00000
1	485	0.96800	0.00445	0.00000
1	486	0.97000	0.00418	0.00000
1	487	0.97200	0.00390	0.00000
1	488	0.97400	0.00363	0.00000
1	489	0.97600	0.00335	0.00000
1	490	0.97800	0.00308	0.00000
1	491	0.98000	0.00280	0.00000
1	492	0.98200	0.00253	0.00000
1	493	0.98400	0.00225	0.00000
1	494	0.98600	0.00197	0.00000
1	495	0.98800	0.00169	0.00000
1	496	0.99000	0.00141	0.00000
1	497	0.99200	0.00113	0.00000
1	498	0.99400	0.00085	0.00000
1	499	0.99600	0.00057	0.00000
1	500	0.99800	0.00028	0.00000
1	501	1.00000	0.00000	0.00000
1	502	0.99800	-0.00028	0.00000
1	503	0.99600	-0.00057	0.00000
1	504	0.99400	-0.00085	0.00000
1	505	0.99200	-0.00113	0.00000
1	506	0.99000	-0.00141	0.00000
1	507	0.98800	-0.00169	0.00000
1	508	0.98600	-0.00197	0.00000
1	509	0.98400	-0.00225	0.00000
1	510	0.98200	-0.00253	0.00000
1	511	0.98000	-0.00280	0.00000
1	512	0.97800	-0.00308	0.00000
1	513	0.97600	-0.00335	0.00000
1	514	0.97400	-0.00363	0.00000
1	515	0.97200	-0.00390	0.00000
1	516	0.97000	-0.00418	0.00000
1	517	0.96800	-0.00445	0.00000
1	518	0.96600	-0.00472	0.00000
1	519	0.96400	-0.00499	0.00000
1	520	0.96200	-0.00527	0.00000
1	521	0.96000	-0.00554	0.00000
1	522	0.95800	-0.00581	0.00000
1	523	0.95600	-0.00607	0.00000
1	524	0.95400	-0.00634	0.00000
1	525	0.95200	-0.00661	0.00000
1	526	0.95000	-0.00688	0.00000
1	527	0.94800	-0.00714	0.00000
1	528	0.94600	-0.00741	0.00000
1	529	0.94400	-0.00768	0.00000
1	530	0.94200	-0.00794	0.00000
1	531	0.94000	-0.00820	0.00000
1	532	0.93800	-0.00847	0.00000
1	533	0.93600	-0.00873	0.00000
1	534	0.93400	-0.00899	0.00000
1	535	0.93200	-0.00925	0.00000
1	536	0.93000	-0.00951	0.00000
1	537	0.92800	-0.00977	0.00000
1	538	0.92600	-0.01003	0.00000
1	539	0.92400	-0.01029	0.00000
1	540	0.92200	-0.01055	0.00000
1	541	0.92000	-0.01081	0.00000
1	542	0.91800	-0.01107	0.00000
1	543	0.91600	-0.01132	0.00000
1	544	0.91400	-0.01158	0.00000
1	545	0.91200	-0.01183	0.00000
1	546	0.91000	-0.01209	0.00000
1	547	0.90800	-0.01234	0.00000
1	548	0.90600	-0.01260	0.00000
1	549	0.90400	-0.01285	0.00000
1	550	0.90200	-0.01310	0.00000
1	551	0.90000	-0.01335	0.00000
1	552	0.89800	-0.01360	0.00000
1	553	0.89600	-0.01385	0.00000
1	554	0.89400	-0.01410	0.00000
1	555	0.89200	-0.01435	0.00000
1	556	0.89000	-0.01460	0.00000
1	557	0.88800	-0.01485	0.00000
1	558	0.88600	-0.01510	0.00000
1	559	0.88400	-0.01534	0.00000
1	560	0.88200	-0.01559	0.00000
1	561	0.88000	-0.01584	0.00000
1	562	0.87800	-0.01608	0.00000
1	563	0.87600	-0.01633	0.00000
1	564	0.87400	-0.01657	0.00000
1	565	0.87200	-0.01681	0.00000
1	566	0.87000	-0.01706	0.00000
1	567	0.86800	-0.01730	0.00000
1	568	0.86600	-0.01754	0.00000
1	569	0.86400	-0.01778	0.00000
1	570	0.86200	-0.01802	0.00000
1	571	0.86000	-0.01826	0.00000
1	572	0.85800	-0.01850	0.00000
1	573	0.85600	-0.01874	0.00000
1	574	0.85400	-0.01898	0.00000
1	575	0.85200	-0.01922	0.00000
1	576	0.85000	-0.01946	0.00000
1	577	0.84800	-0.01969	0.00000
1	578	0.84600	-0.01993	0.00000
1	579	0.84400	-0.02016	0.00000
1	580	0.84200	-0.02040	0.00000
1	581	0.84000	-0.02063	0.00000
1	582	0.83800	-0.02087	0.00000
1	583	0.83600	-0.02110	0.00000
1	584	0.83400	-0.02133	0.00000
1	585	0.83200	-0.02157	0.00000
1	586	0.83000	-0.02180	0.00000
1	587	0.82800	-0.02203	0.00000
1	588	0.82600	-0.02226	0.00000
1	589	0.82400	-0.02249	0.00000
1	590	0.82200	-0.02272	0.00000
1	591	0.82000	-0.02295	0.00000
1	592	0.81800	-0.02318	0.00000
1	593	0.81600	-0.02341	0.00000
1	594	0.81400	-0.02363	0.00000
1	595	0.81200	-0.02386	0.00000
1	596	0.81000	-0.02409	0.00000
1	597	0.80800	-0.02431	0.00000
1	598	0.80600	-0.02454	0.00000
1	599	0.80400	-0.02476	0.00000
1	600	0.80200	-0.02499	0.00000
1	601	0.80000	-0.02521	0.00000
1	602	0.79800	-0.02543	0.00000
1	603	0.79600	-0.02566	0.00000
1	604	0.79400	-0.02588	0.00000
1	605	0.79200	-0.02610	0.00000
1	606	0.79000	-0.02632	0.00000
1	607	0.78800	-0.02654	0.00000
1	608	0.78600	-0.02676	0.00000
1	609	0.78400	-0.02698	0.00000
1	610	0.78200	-0.02720	0.00000
1	611	0.78000	-0.02742	0.00000
1	612	0.77800	-0.02764	0.00000
1	613	0.77600	-0.02785	0.00000
1	614	0.77400	-0.02807	0.00000
1	615	0.77200	-0.02829	0.00000
1	616	0.77000	-0.02850	0.00000
1	617	0.76800	-0.02872	0.00000
1	618	0.76600	-0.02893	0.00000
1	619	0.76400	-0.02915	0.00000
1	620	0.76200	-0.02936	0.00000
1	621	0.76000	-0.02957	0.00000
1	622	0.75800	-0.02978	0.00000
1	623	0.75600	-0.03000	0.00000
1	624	0.75400	-0.03021	0.00000
1	625	0.75200	-0.03042	0.00000
1	626	0.75000	-0.03063	0.00000
1	627	0.74800	-0.03084	0.00000
1	628	0.74600	-0.03105	0.00000
1	629	0.74400	-0.03126	0.00000
1	630	0.74200	-0.03146	0.00000
1	631	0.74000	-0.03167	0.00000
1	632	0.73800	-0.03188	0.00000
1	633	0.73600	-0.03209	0.00000
1	634	0.73400	-0.03229	0.00000
1	635	0.73200	-0.03250	0.00000
1	636	0.73000	-0.03270	0.00000
1	637	0.72800	-0.03291	0.00000
1	638	0.72600	-0.03311	0.00000
1	639	0.72400	-0.03331	0.00000
1	640	0.72200	-0.03352	0.00000
1	641	0.72000	-0.03372	0.00000
1	642	0.71800	-0.03392	0.00000
1	643	0.71600	-0.03412	0.00000
1	644	0.71400	-0.03432	0.00000
1	645	0.71200	-0.03452	0.00000
1	646	0.71000	-0.03472	0.00000
1	647	0.70800	-0.03492	0.00000
1	648	0.70600	-0.03512	0.00000
1	649	0.70400	-0.03532	0.00000
1	650	0.70200	-0.03551	0.00000
1	651	0.70000	-0.03571	0.00000
1	652	0.69800	-0.03591	0.00000
1	653	0.69600	-0.03610	0.00000
1	654	0.69400	-0.03630	0.00000
1	655	0.69200	-0.03649	0.00000
1	656	0.69000	-0.03668	0.00000
1	657	0.68800	-0.03688	0.00000
1	658	0.68600	-0.03707	0.00000
1	659	0.68400	-0.03726	0.00000
1	660	0.68200	-0.03745	0.00000
1	661	0.68000	-0.03764	0.00000
1	662	0.67800	-0.03783	0.00000
1	663	0.67600	-0.03802	0.00000
1	664	0.67400	-0.03821	0.00000
1	665	0.67200	-0.03840	0.00000
1	666	0.67000	-0.03859	0.00000
1	667	0.66800	-0.03878	0.00000
1	668	0.66600	-0.03896	0.00000
1	669	0.66400	-0.03915	0.00000
1	670	0.66200	-0.03934	0.00000
1	671	0.66000	-0.03952	0.00000
1	672	0.65800	-0.03971	0.00000
1	673	0.65600	-0.03989	0.00000
1	674	0.65400	-0.04007	0.00000
1	675	0.65200	-0.04026	0.00000
1	676	0.65000	-0.04044	0.00000
1	677	0.64800	-0.04062	0.00000
1	678	0.64600	-0.04080	0.00000
1	679	0.64400	-0.04098	0.00000
1	680	0.64200	-0.04116	0.00000
1	681	0.64000	-0.04134	0.00000
1	682	0.63800	-0.04152	0.00000
1	683	0.63600	-0.04170	0.00000
1	684	0.63400	-0.04187	0.00000
1	685	0.63200	-0.04205	0.00000
1	686	0.63000	-0.04223	0.00000
1	687	0.62800	-0.04240	0.00000
1	688	0.62600	-0.04258	0.00000
1	689	0.62400	-0.04275	0.00000
1	690	0.62200	-0.04292	0.00000
1	691	0.62000	-0.04310	0.00000
1	692	0.61800	-0.04327	0.00000
1	693	0.61600	-0.04344	0.00000
1	694	0.61400	-0.04361	0.00000
1	695	0.61200	-0.04378	0.00000
1	696	0.61000	-0.04395	0.00000
1	697	0.60800	-0.04412	0.00000
1	698	0.60600	-0.04429	0.00000
1	699	0.60400	-0.04446	0.00000
1	700	0.60200	-0.04462	0.00000
1	701	0.60000	-0.04479	0.00000
1	702	0.59800	-0.04496	0.00000
1	703	0.59600	-0.04512	0.00000
1	704	0.59400	-0.04529	0.00000
1	705	0.59200	-0.04545	0.00000
1	706	0.59000	-0.04561	0.00000
1	707	0.58800	-0.04578	0.00000
1	708	0.58600	-0.04594	0.00000
1	709	0.58400	-0.04610	0.00000
1	710	0.58200	-0.04626	0.00000
1	711	0.58000	-0.04642	0.00000
1	712	0.57800	-0.04658	0.00000
1	713	0.57600	-0.04674	0.00000
1	714	0.57400	-0.04689	0.00000
1	715	0.57200	-0.04705	0.00000
1	716	0.57000	-0.04721	0.00000
1	717	0.56800	-0.04736	0.00000
1	718	0.56600	-0.04752	0.00000
1	719	0.56400	-0.04767	0.00000
1	720	0.56200	-0.04782	0.00000
1	721	0.56000	-0.04798	0.00000
1	722	0.55800	-0.04813	0.00000
1	723	0.55600	-0.04828	0.00000
1	724	0.55400	-0.04843	0.00000
1	725	0.55200	-0.04858	0.00000
1	726	0.55000	-0.04873	0.00000
1	727	0.54800	-0.04887	0.00000
1	728	0.54600	-0.04902	0.00000
1	729	0.54400	-0.04917	0.00000
1	730	0.54200	-0.04931	0.00000
1	731	0.54000	-0.04946	0.00000
1	732	0.53800	-0.04960	0.00000
1	733	0.53600	-0.04975	0.00000
1	734	0.53400	-0.04989	0.00000
1	735	0.53200	-0.05003	0.00000
1	736	0.53000	-0.05017	0.00000
1	737	0.52800	-0.05031	0.00000
1	738	0.52600	-0.05045	0.00000
1	739	0.52400	-0.05059	0.00000
1	740	0.52200	-0.05073	0.00000
1	741	0.52000	-0.05087	0.00000
1	742	0.51800	-0.05100	0.00000
1	743	0.51600	-0.05114	0.00000
1	744	0.51400	-0.05127	0.00000
1	745	0.51200	-0.05141	0.00000
1	746	0.51000	-0.05154	0.00000
1	747	0.50800	-0.05167	0.00000
1	748	0.50600	-0.05180	0.00000
1	749	0.50400	-0.05193	0.00000
1	750	0.50200	-0.05206	0.00000
1	751	0.50000	-0.05219	0.00000
1	752	0.49800	-0.05232	0.00000
1	753	0.49600	-0.05244	0.00000
1	754	0.49400	-0.05257	0.00000
1	755	0.49200	-0.05270	0.00000
1	756	0.49000	-0.05282	0.00000
1	757	0.48800	-0.05294	0.00000
1	758	0.48600	-0.05307	0.00000
1	759	0.48400	-0.05319	0.00000
1	760	0.48200	-0.05331	0.00000
1	761	0.48000	-0.05343	0.00000
1	762	0.47800	-0.05355	0.00000
1	763	0.47600	-0.05366	0.00000
1	764	0.47400	-0.05378	0.00000
1	765	0.47200	-0.05390	0.00000
1	766	0.47000	-0.05401	0.00000
1	767	0.46800	-0.05413	0.00000
1	768	0.46600	-0.05424	0.00000
1	769	0.46400	-0.05435	0.00000
1	770	0.46200	-0.05446	0.00000
1	771	0.46000	-0.05457	0.00000
1	772	0.45800	-0.05468	0.00000
1	773	0.45600	-0.05479	0.00000
1	774	0.45400	-0.05490	0.00000
1	775	0.45200	-0.05500	0.00000
1	776	0.45000	-0.05511	0.00000
1	777	0.44800	-0.05521	0.00000
1	778	0.44600	-0.05531	0.00000
1	779	0.44400	-0.05542	0.00000
1	780	0.44200	-0.05552	0.00000
1	781	0.44000	-0.05562	0.00000
1	782	0.43800	-0.05572	0.00000
1	783	0.43600	-0.05581	0.00000
1	784	0.43400	-0.05591	0.00000
1	785	0.43200	-0.05601	0.00000
1	786	0.43000	-0.05610	0.00000
1	787	0.42800	-0.05619	0.00000
1	788	0.42600	-0.05629	0.00000
1	789	0.42400	-0.05638	0.00000
1	790	0.42200	-0.05647	0.00000
1	791	0.42000	-0.05656	0.00000
1	792	0.41800	-0.05664	0.00000
1	793	0.41600	-0.05673	0.00000
1	794	0.41400	-0.05682	0.00000
1	795	0.41200	-0.05690	0.00000
1	796	0.41000	-0.05698	0.00000
1	797	0.40800	-0.05707	0.00000
1	798	0.40600	-0.05715	0.00000
1	799	0.40400	-0.05723	0.00000
1	800	0.40200	-0.05731	0.00000
1	801	0.40000	-0.05738	0.00000
1	802	0.39800	-0.05746	0.00000
1	803	0.39600	-0.05753	0.00000
1	804	0.39400	-0.05761	0.00000
1	805	0.39200	-0.05768	0.00000
1	806	0.39000	-0.05775	0.00000
1	807	0.38800	-0.05782	0.00000
1	808	0.38600	-0.05789	0.00000
1	809	0.38400	-0.05796	0.00000
1	810	0.38200	-0.05802	0.00000
1	811	0.38000	-0.05809	0.00000
1	812	0.37800	-0.05815	0.00000
1	813	0.37600	-0.05821	0.00000
1	814	0.37400	-0.05827	0.00000
1	815	0.37200	-0.05833	0.00000
1	816	0.37000	-0.05839	0.00000
1	817	0.36800	-0.05845	0.00000
1	818	0.36600	-0.05850	0.00000
1	819	0.36400	-0.05856	0.00000
1	820	0.36200	-0.05861	0.00000
1	821	0.36000	-0.05866	0.00000
1	822	0.35800	-0.05871	0.00000
1	823	0.35600	-0.05876	0.00000
1	824	0.35400	-0.05881	0.00000
1	825	0.35200	-0.05885	0.00000
1	826	0.35000	-0.05889	0.00000
1	827	0.34800	-0.05894	0.00000
1	828	0.34600	-0.05898	0.00000
1	829	0.34400	-0.05902	0.00000
1	830	0.34200	-0.05906	0.00000
1	831	0.34000	-0.05909	0.00000
1	832	0.33800	-0.05913	0.00000
1	833	0.33600	-0.05916	0.00000
1	834	0.33400	-0.05919	0.00000
1	835	0.33200	-0.05922	0.00000
1	836	0.33000	-0.05925	0.00000
1	837	0.32800	-0.05928	0.00000
1	838	0.32600	-0.05930	0.00000
1	839	0.32400	-0.05933	0.00000
1	840	0.32200	-0.05935	0.00000
1	841	0.32000	-0.05937	0.00000
1	842	0.31800	-0.05939	0.00000
1	843	0.31600	-0.05941	0.00000
1	844	0.31400	-0.05942	0.00000
1	845	0.31200	-0.05944	0.00000
1	846	0.31000	-0.05945	0.00000
1	847	0.30800	-0.05946	0.00000
1	848	0.30600	-0.05947	0.00000
1	849	0.30400	-0.05948	0.00000
1	850	0.30200	-0.05948	0.00000
1	851	0.30000	-0.05948	0.00000
1	852	0.29800	-0.05949	0.00000
1	853	0.29600	-0.05949	0.00000
1	854	0.29400	-0.05948	0.00000
1	855	0.29200	-0.05948	0.00000
1	856	0.29000	-0.05947	0.00000
1	857	0.28800	-0.05947	0.00000
1	858	0.28600	-0.05946	0.00000
1	859	0.28400	-0.05945	0.00000
1	860	0.28200	-0.05943	0.00000
1	861	0.28000	-0.05942	0.00000
1	862	0.27800	-0.05940	0.00000
1	863	0.27600	-0.05938	0.00000
1	864	0.27400	-0.05936	0.00000
1	865	0.27200	-0.05934	0.00000
1	866	0.27000	-0.05931	0.00000
1	867	0.26800	-0.05928	0.00000
1	868	0.26600	-0.05925	0.00000
1	869	0.26400	-0.05922	0.00000
1	870	0.26200	-0.05919	0.00000
1	871	0.26000	-0.05915	0.00000
1	872	0.25800	-0.05911	0.00000
1	873	0.25600	-0.05907	0.00000
1	874	0.25400	-0.05903	0.00000
1	875	0.25200	-0.05899	0.00000
1	876	0.25000	-0.05894	0.00000
1	877	0.24800	-0.05889	0.00000
1	878	0.24600	-0.05884	0.00000
1	879	0.24400	-0.05879	0.00000
1	880	0.24200	-0.05873	0.00000
1	881	0.24000	-0.05867	0.00000
1	882	0.23800	-0.05861	0.00000
1	883	0.23600	-0.05855	0.00000
1	884	0.23400	-0.05848	0.00000
1	885	0.23200	-0.05841	0.00000
1	886	0.23000	-0.05834	0.00000
1	887	0.22800	-0.05827	0.00000
1	888	0.22600	-0.05820	0.00000
1	889	0.22400	-0.05812	0.00000
1	890	0.22200	-0.05804	0.00000
1	891	0.22000	-0.05795	0.00000
1	892	0.21800	-0.05787	0.00000
1	893	0.21600	-0.05778	0.00000
1	894	0.21400	-0.05769	0.00000
1	895	0.21200	-0.05759	0.00000
1	896	0.21000	-0.05750	0.00000
1	897	0.20800	-0.05740	0.00000
1	898	0.20600	-0.05729	0.00000
1	899	0.20400	-0.05719	0.00000
1	900	0.20200	-0.05708	0.00000
1	901	0.20000	-0.05697	0.00000
1	902	0.19800	-0.05685	0.00000
1	903	0.19600	-0.05674	0.00000
1	904	0.19400	-0.05662	0.00000
1	905	0.19200	-0.05649	0.00000
1	906	0.19000	-0.05637	0.00000
1	907	0.18800	-0.05624	0.00000
1	908	0.18600	-0.05610	0.00000
1	909	0.18400	-0.05597	0.00000
1	910	0.18200	-0.05583	0.00000
1	911	0.18000	-0.05569	0.00000
1	912	0.17800	-0.05554	0.00000
1	913	0.17600	-0.05539	0.00000
1	914	0.17400	-0.05524	0.00000
1	915	0.17200	-0.05508	0.00000
1	916	0.17000	-0.05492	0.00000
1	917	0.16800	-0.05476	0.00000
1	918	0.16600	-0.05459	0.00000
1	919	0.16400	-0.05442	0.00000
1	920	0.16200	-0.05424	0.00000
1	921	0.16000	-0.05407	0.00000
1	922	0.15800	-0.05388	0.00000
1	923	0.15600	-0.05370	0.00000
1	924	0.15400	-0.05351	0.00000
1	925	0.15200	-0.05331	0.00000
1	926	0.15000	-0.05311	0.00000
1	927	0.14800	-0.05291	0.00000
1	928	0.14600	-0.05270	0.00000
1	929	0.14400	-0.05249	0.00000
1	930	0.14200	-0.05228	0.00000
1	931	0.14000	-0.05205	0.00000
1	932	0.13800	-0.05183	0.00000
1	933	0.13600	-0.05160	0.00000
1	934	0.13400	-0.05137	0.00000
1	935	0.13200	-0.05113	0.00000
1	936	0.13000	-0.05088	0.00000
1	937	0.12800	-0.05063	0.00000
1	938	0.12600	-0.05038	0.00000
1	939	0.12400	-0.05012	0.00000
1	940	0.12200	-0.04986	0.00000
1	941	0.12000	-0.04959	0.00000
1	942	0.11800	-0.04931	0.00000
1	943	0.11600	-0.04903	0.00000
1	944	0.11400	-0.04874	0.00000
1	945	0.11200	-0.04845	0.00000
1	946	0.11000	-0.04815	0.00000
1	947	0.10800	-0.04785	0.00000
1	948	0.10600	-0.04753	0.00000
1	949	0.10400	-0.04722	0.00000
1	950	0.10200	-0.04689	0.00000
1	951	0.10000	-0.04656	0.00000
1	952	0.09800	-0.04622	0.00000
1	953	0.09600	-0.04588	0.00000
1	954	0.09400	-0.04553	0.00000
1	955	0.09200	-0.04517	0.00000
1	956	0.09000	-0.04480	0.00000
1	957	0.08800	-0.04442	0.00000
1	958	0.08600	-0.04404	0.00000
1	959	0.08400	-0.04365	0.00000
1	960	0.08200	-0.04325	0.00000
1	961	0.08000	-0.04284	0.00000
1	962	0.07800	-0.04242	0.00000
1	963	0.07600	-0.04199	0.00000
1	964	0.07400	-0.04155	0.00000
1	965	0.07200	-0.04110	0.00000
1	966	0.07000	-0.04065	0.00000
1	967	0.06800	-0.04018	0.00000
1	968	0.06600	-0.03969	0.00000
1	969	0.06400	-0.03920	0.00000
1	970	0.06200	-0.03869	0.00000
1	971	0.06000	-0.03818	0.00000
1	972	0.05800	-0.03764	0.00000
1	973	0.05600	-0.03710	0.00000
1	974	0.05400	-0.03654	0.00000
1	975	0.05200	-0.03596	0.00000
1	976	0.05000	-0.03537	0.00000
1	977	0.04800	-0.03476	0.00000
1	978	0.04600	-0.03413	0.00000
1	979	0.04400	-0.03348	0.00000
1	980	0.04200	-0.03281	0.00000
1	981	0.04000	-0.03212	0.00000
1	982	0.03800	-0.03140	0.00000
1	983	0.03600	-0.03066	0.00000
1	984	0.03400	-0.02989	0.00000
1	985	0.03200	-0.02909	0.00000
1	986	0.03000	-0.02826	0.00000
1	987	0.02800	-0.02740	0.00000
1	988	0.02600	-0.02649	0.00000
1	989	0.02400	-0.02554	0.00000
1	990	0.02200	-0.02454	0.00000
1	991	0.02000	-0.02349	0.00000
1	992	0.01800	-0.02237	0.00000
1	993	0.01600	-0.02117	0.00000
1	994	0.01400	-0.01988	0.00000
1	995	0.01200	-0.01849	0.00000
1	996	0.01000	-0.01696	0.00000
1	997	0.00800	-0.01524	0.00000
1	998	0.00600	-0.01328	0.00000
1	999	0.00400	-0.01091	0.00000
1	1000	0.00200	-0.00778	0.00000
1	0	0.00000	0.00000	0.00000
